place(3.936, 1.000, -37.300, "Brawler", 720)
place(-1.052, 1.000, -37.373, "Brawler", 602)
place(-0.970, 1.037, -35.315, "Brawler", 605)
place(3.959, 1.037, -35.271, "Brawler", 698)
place(5.866, 1.000, -38.215, "Brawler", 897)
place(-2.952, 1.000, -38.308, "Brawler", 1094)
upgrade(3.936, 2.372, -37.300, 713)
upgrade(-1.052, 2.372, -37.373, 413)
upgrade(5.866, 2.372, -38.215, 328)
upgrade(-2.952, 2.372, -38.308, 773)
upgrade(3.959, 2.409, -35.271, 719)
upgrade(-0.970, 2.409, -35.315, 419)
upgrade(3.936, 2.372, -37.300, 1215)
upgrade(-1.052, 2.372, -37.373, 869)
upgrade(3.959, 2.409, -35.271, 942)
upgrade(-0.970, 2.409, -35.315, 1643)
upgrade(-2.952, 2.372, -38.308, 1123)
