place(3.987, 1.000, -37.316, "Brawler", 720)
place(-1.054, 1.000, -37.391, "Brawler", 602)
place(-1.006, 1.037, -35.308, "Brawler", 575)
place(-1.006, 1.037, -35.308, "Brawler", 605)
place(4.074, 1.037, -35.311, "Brawler", 706)
place(5.859, 1.000, -38.220, "Brawler", 897)
place(-2.921, 1.000, -38.277, "Brawler", 1094)
upgrade(-1.054, 2.372, -37.391, 713)
upgrade(3.987, 2.372, -37.316, 413)
upgrade(5.859, 2.372, -38.220, 318)
upgrade(-2.921, 2.372, -38.277, 1018)
upgrade(4.074, 2.409, -35.311, 719)
upgrade(-1.006, 2.409, -35.308, 419)
upgrade(-1.054, 2.372, -37.391, 1487)
upgrade(3.987, 2.372, -37.316, 869)
upgrade(4.074, 2.409, -35.311, 942)
upgrade(-1.006, 2.409, -35.308, 1643)
upgrade(5.859, 2.372, -38.220, 1123)
