place(15.759, 1.000, -9.234, "Cowboy", 500)
upgrade(15.759, 2.350, -9.234, 150)
upgrade(15.759, 2.350, -9.234, 550)
place(15.704, 1.000, -6.132, "Cowboy", 500)
upgrade(15.704, 2.350, -6.132, 150)
upgrade(15.704, 2.350, -6.132, 550)
place(15.683, 1.000, -3.021, "Cowboy", 500)
upgrade(15.683, 2.350, -3.021, 150)
upgrade(15.683, 2.350, -3.021, 550)
place(15.755, 1.000, 0.077, "Cowboy", 500)
upgrade(15.755, 2.350, 0.077, 150)
upgrade(15.755, 2.350, 0.077, 550)
place(12.719, 1.000, -9.279, "Cowboy", 500)
upgrade(12.719, 2.350, -9.279, 150)
upgrade(12.719, 2.350, -9.279, 550)
place(12.626, 1.000, -6.173, "Cowboy", 500)
upgrade(12.626, 2.350, -6.173, 150)
upgrade(12.626, 2.350, -6.173, 550)
place(12.573, 1.000, -3.031, "Cowboy", 500)
upgrade(12.573, 2.350, -3.031, 150)
upgrade(12.573, 2.350, -3.031, 550)
place(12.653, 1.000, 0.067, "Cowboy", 500)
upgrade(12.653, 2.350, 0.067, 150)
upgrade(12.653, 2.350, 0.067, 550)
place(9.630, 1.000, -9.574, "Cowboy", 500)
upgrade(9.630, 2.350, -9.574, 150)
upgrade(9.630, 2.350, -9.574, 550)
place(9.587, 1.000, -6.509, "Cowboy", 500)
upgrade(9.587, 2.350, -6.509, 150)
upgrade(9.587, 2.350, -6.509, 550)
upgrade(15.759, 2.350, -9.234, 1500)
upgrade(15.704, 2.350, -6.132, 1500)
upgrade(15.683, 2.350, -3.021, 1500)
upgrade(15.755, 2.350, 0.077, 1500)
upgrade(15.755, 2.350, 0.077, 3000)
upgrade(15.683, 2.350, -3.021, 3000)
upgrade(15.704, 2.350, -6.132, 3000)
upgrade(15.759, 2.350, -9.234, 3000)
place(3.815, 1.000, -5.495, "DJ Booth", 1200)
upgrade(3.815, 2.365, -5.495, 300)
upgrade(3.815, 2.365, -5.495, 1250)
upgrade(3.815, 2.365, -5.495, 3000)
upgrade(12.719, 2.350, -9.279, 1500)
upgrade(12.719, 2.350, -9.279, 3000)
upgrade(12.626, 2.350, -6.173, 1500)
upgrade(12.626, 2.350, -6.173, 3000)
upgrade(12.573, 2.350, -3.031, 1500)
upgrade(12.573, 2.350, -3.031, 3000)
upgrade(12.653, 2.350, 0.067, 1500)
upgrade(12.653, 2.350, 0.067, 3000)
upgrade(9.630, 2.350, -9.574, 1500)
upgrade(9.630, 2.350, -9.574, 3000)
upgrade(9.587, 2.350, -6.509, 1500)
upgrade(9.587, 2.350, -6.509, 3000)
upgrade(3.815, 2.365, -5.495, 8000)
place(12.453, 1.000, 3.113, "Electroshocker", 725)
upgrade(12.453, 2.350, 3.113, 300)
upgrade(12.453, 2.350, 3.113, 600)
upgrade(12.453, 2.350, 3.113, 2000)
upgrade(12.453, 2.350, 3.113, 5000)
place(12.331, 1.000, 6.248, "Electroshocker", 725)
upgrade(12.331, 2.350, 6.248, 300)
upgrade(12.331, 2.350, 6.248, 600)
upgrade(12.331, 2.350, 6.248, 2000)
upgrade(12.331, 2.350, 6.248, 5000)
place(15.010, 1.000, 4.774, "Electroshocker", 725)
place(15.010, 1.000, 4.774, "Electroshocker", 725)
upgrade(15.010, 2.350, 4.774, 300)
upgrade(15.010, 2.350, 4.774, 600)
upgrade(15.010, 2.350, 4.774, 2000)
upgrade(15.010, 2.350, 4.774, 5000)
upgrade(3.815, 2.365, -5.495, 20000)
upgrade(15.759, 2.350, -9.234, 5250)
upgrade(15.704, 2.350, -6.132, 5250)
upgrade(15.683, 2.350, -3.021, 5250)
upgrade(15.755, 2.350, 0.077, 5250)
upgrade(12.719, 2.350, -9.279, 5250)
upgrade(12.626, 2.350, -6.173, 5250)
upgrade(12.573, 2.350, -3.031, 5250)
upgrade(12.653, 2.350, 0.067, 5250)
upgrade(9.630, 2.350, -9.574, 5250)
upgrade(9.587, 2.350, -6.509, 5250)
upgrade(12.453, 2.350, 3.113, 15000)
upgrade(12.331, 2.350, 6.248, 15000)
upgrade(15.010, 2.350, 4.774, 15000)
place(8.949, 1.000, -12.677, "Electroshocker", 725)
place(8.968, 1.000, -12.670, "Electroshocker", 725)
upgrade(8.968, 2.350, -12.670, 300)
upgrade(8.968, 2.350, -12.670, 600)
upgrade(8.968, 2.350, -12.670, 2000)
upgrade(8.968, 2.350, -12.670, 5000)
upgrade(8.968, 2.350, -12.670, 15000)
place(3.259, 1.000, -9.503, "Engineer", 600)
upgrade(3.259, 2.353, -9.503, 350)
upgrade(3.259, 2.353, -9.503, 550)
upgrade(3.259, 2.353, -9.503, 2250)
upgrade(3.259, 2.353, -9.503, 4750)
upgrade(3.259, 2.353, -9.503, 13500)
upgrade(3.259, 2.353, -9.503, 35000)
place(3.756, 1.000, -12.540, "Engineer", 600)
upgrade(3.756, 2.353, -12.540, 350)
upgrade(3.756, 2.353, -12.540, 550)
upgrade(3.756, 2.353, -12.540, 2250)
upgrade(3.756, 2.353, -12.540, 4750)
upgrade(3.756, 2.353, -12.540, 13500)
upgrade(3.756, 2.353, -12.540, 35000)
place(3.815, 1.000, -15.665, "Engineer", 600)
upgrade(3.815, 2.353, -15.665, 350)
upgrade(3.815, 2.353, -15.665, 550)
upgrade(3.815, 2.353, -15.665, 2250)
upgrade(3.815, 2.353, -15.665, 4750)
upgrade(3.815, 2.353, -15.665, 13500)
upgrade(3.815, 2.353, -15.665, 35000)
place(14.170, 3.196, -12.881, "Ranger", 4500)
upgrade(14.170, 4.546, -12.881, 1500)
upgrade(14.170, 4.546, -12.881, 4500)
upgrade(14.170, 4.546, -12.881, 13500)
upgrade(14.170, 4.546, -12.881, 30000)
place(11.276, 3.196, -11.755, "Ranger", 4500)
upgrade(11.276, 4.546, -11.755, 1500)
upgrade(11.276, 4.546, -11.755, 4500)
upgrade(11.276, 4.546, -11.755, 13500)
upgrade(11.276, 4.546, -11.755, 30000)
place(10.431, 3.196, -14.799, "Ranger", 4500)
upgrade(10.431, 4.546, -14.799, 1500)
upgrade(10.431, 4.546, -14.799, 4500)
upgrade(10.431, 4.546, -14.799, 13500)
upgrade(10.431, 4.546, -14.799, 30000)
place(13.011, 4.808, -16.468, "Ranger", 4500)
upgrade(13.011, 6.158, -16.468, 1500)
upgrade(13.011, 6.158, -16.468, 4500)
upgrade(13.011, 6.158, -16.468, 13500)
upgrade(13.011, 6.158, -16.468, 30000)
place(0.958, 4.686, 9.399, "Ranger", 4500)
upgrade(0.958, 6.036, 9.399, 1500)
upgrade(0.958, 6.036, 9.399, 4500)
upgrade(0.958, 6.036, 9.399, 13500)
upgrade(0.958, 6.036, 9.399, 30000)
place(-0.835, 4.686, 6.758, "Ranger", 4500)
upgrade(-0.835, 6.036, 6.758, 1500)
upgrade(-0.835, 6.036, 6.758, 4500)
upgrade(-0.835, 6.036, 6.758, 13500)
upgrade(-0.835, 6.036, 6.758, 30000)
upgrade(-0.835, 6.036, 6.758, 9061)
upgrade(-0.835, 6.036, 6.758, 31060)
place(2.436, 4.686, 6.418, "Ranger", 4500)
upgrade(2.436, 6.036, 6.418, 1500)
upgrade(2.436, 6.036, 6.418, 4500)
upgrade(2.436, 6.036, 6.418, 13500)
upgrade(2.436, 6.036, 6.418, 30000)
upgrade(2.436, 6.036, 6.418, 27771)
place(3.720, 1.000, -1.346, "Engineer", 600)
upgrade(3.720, 2.353, -1.346, 350)
upgrade(3.720, 2.353, -1.346, 550)
upgrade(3.720, 2.353, -1.346, 2250)
upgrade(3.720, 2.353, -1.346, 4750)
upgrade(3.720, 2.353, -1.346, 13500)
upgrade(3.720, 2.353, -1.346, 35000)
place(3.758, 1.000, 1.788, "Engineer", 600)
upgrade(3.758, 2.353, 1.788, 350)
upgrade(3.758, 2.353, 1.788, 550)
upgrade(3.758, 2.353, 1.788, 2250)
upgrade(3.758, 2.353, 1.788, 4750)
upgrade(3.758, 2.353, 1.788, 13500)
upgrade(3.758, 2.353, 1.788, 35000)
place(0.933, 1.000, 0.215, "Engineer", 600)
upgrade(0.933, 2.353, 0.215, 350)
upgrade(0.933, 2.353, 0.215, 550)
upgrade(0.933, 2.353, 0.215, 2250)
upgrade(0.933, 2.353, 0.215, 4750)
upgrade(0.933, 2.353, 0.215, 13500)
upgrade(0.933, 2.353, 0.215, 35000)
upgrade(0.933, 2.353, 0.215, 32626)