place(16.872,49.927,-14.122,"Scout",750)
place(13.855,49.927,-14.309,"Scout",500)
upgrade(13.855,51.277,-14.309,1,250)
upgrade(16.872,51.277,-14.122,1,376)
upgrade(13.855,51.277,-14.309,1,598)
place(2.423,49.927,-14.131,"Brawler",926)
upgrade(2.423,51.300,-14.131,1,326)
place(0.271,49.927,-14.020,"Brawler",939)
upgrade(0.271,51.300,-14.020,1,339)
place(4.696,49.927,-14.094,"Brawler",1150)
upgrade(4.696,51.300,-14.094,1,550)
place(2.852,49.927,-8.796,"Brawler",1295)
upgrade(2.852,51.300,-8.796,1,1010)
place(4.952,49.927,-8.762,"Brawler",730)
upgrade(4.952,51.300,-8.762,1,314)
place(5.967,49.927,-16.334,"Electroshocker",1433)
upgrade(5.967,51.277,-16.334,1,888)
upgrade(4.696,51.300,-14.094,1,1975)
upgrade(4.952,51.300,-8.762,1,1540)
upgrade(2.423,51.300,-14.131,1,855)
upgrade(2.852,51.300,-8.796,1,1619)
upgrade(0.271,51.300,-14.020,1,1234)
place(7.027,49.927,-14.009,"Brawler",749)
upgrade(7.027,51.300,-14.009,1,310)
upgrade(7.027,51.300,-14.009,1,1502)
place(9.040,49.927,-15.505,"Commander",1217)
upgrade(9.040,51.295,-15.505,1,417)
place(16.781,49.927,-8.747,"Scout",496)
upgrade(16.781,51.277,-8.747,1,296)
upgrade(16.781,51.277,-8.747,1,1786)
upgrade(16.872,51.277,-14.122,1,1851)
place(13.761,49.927,-8.774,"Scout",1376)
upgrade(13.761,51.277,-8.774,1,1324)
upgrade(13.761,51.277,-8.774,1,1201)
place(10.735,49.927,-8.658,"Medic",960)
upgrade(10.735,51.295,-8.658,1,2831)
upgrade(10.735,51.295,-8.658,1,2331)
sell(10.735,51.295,-8.658)
upgrade(13.761,51.277,-8.774,1,3140)
upgrade(13.855,51.277,-14.309,1,3111)
upgrade(16.781,51.277,-8.747,1,4321)
upgrade(16.872,51.277,-14.122,1,2389)
place(10.740,49.927,-8.747,"Scout",509)
upgrade(10.740,51.277,-8.747,1,319)
upgrade(10.740,51.277,-8.747,1,589)
upgrade(10.740,51.277,-8.747,1,2868)
place(15.338,49.927,-6.073,"Scout",1440)
upgrade(15.338,51.277,-6.073,1,1230)
upgrade(15.338,51.277,-6.073,1,1096)
upgrade(15.338,51.277,-6.073,1,597)
upgrade(15.338,51.277,-6.073,1,4512)
place(12.240,49.927,-5.962,"Scout",3021)
upgrade(12.240,51.277,-5.962,1,2791)
upgrade(12.240,51.277,-5.962,1,2654)
upgrade(12.240,51.277,-5.962,1,2354)
place(11.886,49.927,-16.796,"Scout",554)
upgrade(11.886,51.277,-16.796,1,370)
upgrade(11.886,51.277,-16.796,1,229)
upgrade(11.886,51.277,-16.796,1,829)
upgrade(11.886,51.277,-16.796,1,2799)
place(14.982,49.927,-17.146,"Scout",1386)
upgrade(14.982,51.277,-17.146,1,1171)
upgrade(14.982,51.277,-17.146,1,1022)
upgrade(14.982,51.277,-17.146,1,531)
upgrade(14.982,51.277,-17.146,1,2454)
place(22.037,49.927,-8.660,"Scout",2841)
upgrade(22.037,51.277,-8.660,1,3505)
upgrade(22.037,51.277,-8.660,1,3356)
upgrade(22.037,51.277,-8.660,1,2866)
place(6.412,49.927,-6.668,"Electroshocker",948)
upgrade(6.412,51.277,-6.668,1,294)
upgrade(6.412,51.277,-6.668,1,803)
upgrade(5.967,51.277,-16.334,1,1016)
upgrade(7.027,51.300,-14.009,1,3291)
upgrade(4.952,51.300,-8.762,1,2255)
upgrade(10.740,51.277,-8.747,1,6215)
upgrade(13.855,51.277,-14.309,1,6045)
upgrade(13.761,51.277,-8.774,1,6143)
upgrade(11.886,51.277,-16.796,1,7606)
upgrade(12.240,51.277,-5.962,1,8727)
upgrade(14.982,51.277,-17.146,1,5904)
upgrade(15.338,51.277,-6.073,1,7710)
upgrade(16.872,51.277,-14.122,1,5847)
upgrade(9.040,51.295,-15.505,1,4422)
ability(9.040,51.295,-15.505,"Call Of Arms","25/0")
